[?25l[0m [38;2;0;0;0m    [38;2;4;4;4m▁[38;2;0;0;0m▁[38;2;3;3;3m▁[0m [38;2;3;3;3m         [0m
 [38;2;0;0;0m [38;2;3;3;3m▁[38;2;0;0;0m▁[48;2;1;1;1m▁[38;2;4;4;4;48;2;0;0;0m▔  [38;2;0;0;0m▕[48;2;1;1;1m▁▁[0m[38;2;0;0;0m▁▁[0m [38;2;2;2;2m    [0m
 [38;2;1;1;1m▕[48;2;0;0;0m▔       [38;2;6;6;6m▁[38;2;24;24;24m▁ [38;2;0;0;0m▕[0m[38;2;2;2;2m▖   [0m
 [7m[38;2;1;1;1m▏[0m[38;2;0;0;0;48;2;0;0;0m      [38;2;196;196;196;48;2;10;10;10m▗[38;2;244;244;244;48;2;34;34;34m▅[38;2;250;250;250;48;2;79;79;79m▆[38;2;249;249;249;48;2;71;71;71m▆[38;2;162;162;162;48;2;14;14;14m▖[38;2;9;9;9;48;2;0;0;0m▁[38;2;3;3;3;48;2;2;2;2m▗[0m[38;2;3;3;3m   [0m
 [38;2;2;2;2m▕[48;2;0;0;0m▎ ▁[38;2;3;3;3m▁[38;2;24;24;24;48;2;1;1;1m▁[38;2;12;12;12;48;2;2;2;2m▁[38;2;32;32;32;48;2;241;241;241m▍[38;2;209;209;209;48;2;254;254;254m▁[38;2;110;110;110m▁[38;2;55;55;55;48;2;252;252;252m▁[38;2;224;224;224;48;2;13;13;13m▋[38;2;1;1;1;48;2;74;74;74m▐[0m[38;2;2;2;2m▏   [0m
 [38;2;0;0;0m [0m [7m[38;2;4;4;4m▁[0m[38;2;213;213;213;48;2;36;36;36m▗[38;2;139;139;139;48;2;58;58;58m▗[38;2;27;27;27;48;2;215;215;215m▋[38;2;51;51;51;48;2;202;202;202m▀[38;2;35;35;35;48;2;175;175;175m▘[38;2;213;213;213;48;2;129;129;129m▅[38;2;196;196;196;48;2;96;96;96m▆[38;2;47;47;47;48;2;229;229;229m▘[38;2;77;77;77m▝[0m[38;2;116;116;116m▎[0m [38;2;0;0;0m   [0m
 [38;2;0;0;0m  [0m [38;2;191;191;191m▐[38;2;145;145;145;48;2;227;227;227m▝[38;2;176;176;176;48;2;229;229;229m▂[48;2;254;254;254m    [38;2;238;238;238m▁[38;2;124;124;124;48;2;229;229;229m▗[0m [38;2;72;72;72m    [0m
 [38;2;0;0;0m [38;2;114;114;114m▅[7m[38;2;145;145;145m▔[0m[38;2;122;122;122;48;2;248;248;248m▍[48;2;254;254;254m [38;2;129;129;129;48;2;250;250;250m▐[38;2;159;159;159;48;2;231;231;231m▚[38;2;46;46;46;48;2;246;246;246m▃[38;2;67;67;67;48;2;253;253;253m▂[38;2;156;156;156;48;2;250;250;250m▁[38;2;200;200;200;48;2;240;240;240m▁[0m[38;2;189;189;189m▘     [0m
 [38;2;72;72;72m▗[38;2;76;76;76;48;2;158;158;158m▎[38;2;161;161;161;48;2;153;153;153m▃[38;2;166;166;166;48;2;214;214;214m▆[38;2;185;185;185;48;2;241;241;241m▅[38;2;200;200;200;48;2;222;222;222m▕[38;2;167;167;167;48;2;220;220;220m▁[38;2;119;119;119;48;2;215;215;215m▔[38;2;98;98;98;48;2;26;26;26m▁[38;2;48;48;48;48;2;141;141;141m▘[0m[38;2;169;169;169m▅[38;2;64;64;64m▖     [0m
[38;2;171;171;171m▗[38;2;95;95;95;48;2;171;171;171m▔[38;2;145;145;145;48;2;77;77;77m▎[38;2;99;99;99;48;2;126;126;126m▗[38;2;122;122;122;48;2;155;155;155m▖[38;2;162;162;162;48;2;179;179;179m▎[38;2;204;204;204;48;2;186;186;186m▕[38;2;196;196;196;48;2;98;98;98m▊[38;2;100;100;100;48;2;149;149;149m▎[38;2;224;224;224;48;2;71;71;71m▐[38;2;179;179;179;48;2;242;242;242m▕[38;2;129;129;129;48;2;82;82;82m▘[0m[38;2;94;94;94m▍     [0m
[38;2;108;108;108;48;2;197;197;197m▃[38;2;94;94;94;48;2;155;155;155m▝[38;2;90;90;90;48;2;147;147;147m▘[38;2;154;154;154;48;2;141;141;141m▍[38;2;158;158;158;48;2;146;146;146m▕[38;2;175;175;175;48;2;156;156;156m▂[38;2;163;163;163;48;2;168;168;168m▏[38;2;171;171;171;48;2;179;179;179m▏[38;2;56;56;56;48;2;192;192;192m▝[38;2;66;66;66;48;2;241;241;241m▎[38;2;239;239;239;48;2;253;253;253m▏[38;2;215;215;215;48;2;121;121;121m▆[38;2;98;98;98;48;2;145;145;145m▕[0m[38;2;102;102;102m▖    [0m
[38;2;150;150;150;48;2;204;204;204m▖[38;2;175;175;175;48;2;213;213;213m▔[38;2;170;170;170;48;2;194;194;194m▝[38;2;75;75;75;48;2;161;161;161m▗[38;2;169;169;169;48;2;145;145;145m▅[38;2;165;165;165;48;2;186;186;186m▀[38;2;170;170;170;48;2;190;190;190m▀[38;2;189;189;189;48;2;206;206;206m▘[38;2;187;187;187;48;2;204;204;204m▕[38;2;222;222;222;48;2;192;192;192m▕[38;2;129;129;129;48;2;220;220;220m▃[38;2;237;237;237;48;2;252;252;252m▕[38;2;50;50;50;48;2;190;190;190m▗[0m[38;2;179;179;179m▊    [0m
[?25h