[?25l[0m [38;2;0;0;0m    [0m [7m[38;2;181;148;125m▀[0m[38;2;235;190;154m▆[7m[38;2;245;196;156m▔[0m[38;2;228;224;209;48;2;246;194;153m▔[38;2;126;125;122;48;2;247;211;175m▔[0m[38;2;239;200;164m▆[7m[38;2;197;180;156m▀[0m [38;2;26;27;27m        [0m
 [38;2;0;0;0m    [7m[38;2;161;123;108m▍[0m[38;2;215;161;129;48;2;242;190;149m▘[38;2;245;192;152;48;2;246;193;152m▖    [38;2;248;208;169;48;2;246;194;153m▔[0m[38;2;209;192;167m▋        [0m
 [38;2;0;0;0m    [7m[38;2;163;115;102m▎[0m[38;2;163;106;89;48;2;227;171;137m▖[38;2;172;116;97;48;2;243;188;148m▁[38;2;203;147;118;48;2;240;187;147m▁[38;2;213;160;128;48;2;242;189;149m▗[38;2;219;173;141;48;2;226;187;157m▏[38;2;225;182;152;48;2;234;191;159m▗[38;2;245;190;149;48;2;244;187;147m▀[38;2;171;150;137;48;2;241;200;164m▕[0m[38;2;211;165;141m▖       [0m
 [38;2;0;0;0m  [38;2;92;88;89m▗[7m[38;2;95;79;78m▀[38;2;159;133;123m▋[0m[38;2;171;120;100;48;2;136;85;77m▖[38;2;144;87;76;48;2;195;164;148m▃[38;2;165;109;93;48;2;226;168;134m▊[38;2;228;169;135;48;2;243;186;147m▁[38;2;213;174;150;48;2;242;185;146m▔[38;2;240;185;146;48;2;242;184;145m▔[38;2;241;181;142m▅[38;2;206;150;120;48;2;229;171;135m▔[0m[7m[38;2;171;137;117m▗[0m[38;2;15;15;15m       [0m
 [38;2;0;0;0m  [38;2;128;127;127m▕[38;2;110;102;102;48;2;78;59;55m▏[0m[38;2;125;115;113m▍[38;2;131;97;88;48;2;94;66;58m▚[38;2;156;114;101;48;2;135;78;70m▖[38;2;147;88;77;48;2;139;81;72m▀[38;2;165;106;89;48;2;221;162;130m▍[38;2;239;179;141;48;2;240;180;142m▏[38;2;241;181;142;48;2;240;180;141m▔[38;2;198;142;114;48;2;239;179;141m▗[0m[38;2;218;175;148m▋[0m  [38;2;2;2;2m      [0m
 [38;2;0;0;0m  [38;2;108;108;109m▁[38;2;190;191;191;48;2;75;58;56m▏[0m[7m[38;2;114;100;97m▐[0m[38;2;10;10;10m [0m [38;2;138;95;87m▀[38;2;135;80;71;48;2;189;138;117m▚[38;2;83;46;41;48;2;227;168;133m▂[38;2;95;63;52;48;2;231;171;135m▅[38;2;116;77;62;48;2;221;164;130m▘[38;2;177;165;151;48;2;240;215;184m▕[0m[7m[38;2;199;189;174m▔[0m[38;2;151;150;146;48;2;217;207;189m▔[0m[7m[38;2;212;203;184m▔[0m[38;2;211;203;184m▆[38;2;206;197;179m▆[38;2;222;213;193m▅[38;2;212;207;185m▖ [0m
 [38;2;0;0;0m [38;2;57;54;55m▗[38;2;101;93;93;48;2;52;39;41m▔[38;2;97;82;80;48;2;57;43;44m▔[0m[7m[38;2;71;57;55m▝[38;2;114;99;95m▀[0m[38;2;173;163;154m▃[7m[38;2;126;120;117m▘[0m[38;2;84;55;53;48;2;117;94;90m▗[38;2;131;75;67;48;2;125;69;64m▕[38;2;130;75;67;48;2;210;151;122m▂[38;2;207;151;122;48;2;138;94;83m▀[38;2;132;122;115;48;2;214;190;168m▆[38;2;129;118;112;48;2;183;171;158m▎[38;2;145;134;126;48;2;203;191;178m▖[38;2;138;128;122;48;2;197;186;174m▁[38;2;134;87;67;48;2;174;163;154m▂[38;2;160;106;66;48;2;212;201;187m▃[38;2;213;203;185;48;2;112;74;63m▀[38;2;150;147;138;48;2;182;174;158m▕[0m[38;2;159;155;142m▖[0m
 [38;2;60;56;58m▗[38;2;64;60;62;48;2;31;25;28m▔[38;2;63;47;49;48;2;35;27;30m▀[38;2;33;25;28;48;2;26;20;23m▏[38;2;37;28;30;48;2;86;67;65m▆[38;2;58;44;44;48;2;77;62;60m▊[38;2;123;114;110;48;2;89;81;81m▘[38;2;57;44;43;48;2;98;88;86m▂[38;2;64;36;35;48;2;107;63;58m▍[38;2;72;55;51;48;2;122;82;73m▁[38;2;214;144;67;48;2;160;105;81m▗[38;2;69;48;47;48;2;190;126;80m▐[38;2;69;53;50;48;2;47;33;34m▔[38;2;153;136;123;48;2;55;41;42m▔[38;2;175;161;147;48;2;112;81;70m▔[38;2;187;119;63;48;2;134;81;65m▂[38;2;196;127;65;48;2;225;153;68m▔[38;2;225;153;68;48;2;226;153;68m▃[38;2;200;131;65m▔[38;2;192;128;67;48;2;74;58;43m▊[0m[38;2;156;148;141m▊[0m
 [38;2;74;71;73m▕[38;2;47;43;45;48;2;30;23;26m▏[38;2;44;33;37;48;2;28;22;25m▔[38;2;52;40;43;48;2;24;19;21m▃[38;2;58;44;46;48;2;33;26;29m▝[38;2;59;46;47;48;2;80;60;60m▎[38;2;95;55;54;48;2;38;28;31m▂[38;2;38;29;31;48;2;90;55;53m▘[38;2;108;61;51;48;2;117;93;82m▊[38;2;83;54;49;48;2;135;109;92m▔[38;2;200;142;83;48;2;219;148;68m▏[38;2;172;108;59;48;2;220;147;68m▔[38;2;214;142;67;48;2;86;52;49m▆[38;2;206;136;66;48;2;117;75;65m▆[38;2;205;136;65;48;2;173;108;61m▃[38;2;144;83;54;48;2;198;130;64m▍[38;2;168;103;58;48;2;217;146;66m▖[38;2;207;137;65;48;2;225;152;68m▁[38;2;222;150;69;48;2;224;151;69m▗[38;2;102;67;28;48;2;220;149;69m▕[0m[38;2;161;155;147m▍[0m
 [7m[38;2;97;88;86m▀[0m[38;2;17;14;16;48;2;61;54;55m▝[38;2;36;27;30;48;2;25;19;22m▕[38;2;51;39;42;48;2;27;21;24m▀[38;2;38;28;31;48;2;92;59;57m▊[38;2;102;56;53;48;2;104;46;43m▏[38;2;160;97;58;48;2;106;47;43m▗[38;2;123;63;48;48;2;193;128;66m▘[38;2;157;134;115;48;2;118;88;69m▗[38;2;204;136;66;48;2;120;92;76m▐[38;2;203;137;66;48;2;217;146;70m▎[38;2;219;147;70;48;2;223;150;70m▅[38;2;223;150;70;48;2;219;147;70m▀▀[38;2;147;84;54;48;2;217;145;69m▐[38;2;133;74;50;48;2;102;45;41m▔[38;2;213;142;69;48;2;141;79;52m▗[38;2;165;100;58;48;2;192;125;63m▗[38;2;155;91;56;48;2;186;120;64m▀[38;2;123;82;41;48;2;183;116;64m▕[0m[7m[38;2;190;178;162m▐[0m
[7m[38;2;69;62;63m▘[0m[38;2;88;75;72;48;2;34;27;29m▘[38;2;20;15;18;48;2;26;21;24m▏[48;2;27;21;24m [38;2;68;52;54;48;2;29;22;25m▗[38;2;52;40;43;48;2;84;47;46m▘[38;2;103;47;42;48;2;161;99;63m▊[38;2;177;114;68;48;2;194;129;72m▏[38;2;172;111;64;48;2;130;81;54m▊[38;2;146;90;56;48;2;103;81;73m▅[38;2;98;42;40;48;2;178;119;67m▁[38;2;117;61;46;48;2;207;139;71m▂[38;2;102;45;43;48;2;207;138;70m▂[38;2;106;47;43;48;2;206;137;69m▃[38;2;113;55;45;48;2;199;131;67m▅[38;2;144;81;53;48;2;105;48;42m▔[38;2;94;43;37;48;2;185;119;64m▋[38;2;211;142;71;48;2;216;145;71m▃[38;2;204;136;70;48;2;214;144;71m▁[38;2;193;128;71;48;2;206;138;71m▁[38;2;106;70;38;48;2;201;135;73m▕[0m[38;2;176;169;154m▊[0m
[7m[38;2;61;57;59m▃[38;2;35;30;33m▂[0m[38;2;102;102;102;48;2;29;23;27m▁[38;2;108;108;108;48;2;29;23;26m▁[38;2;47;41;44;48;2;60;50;52m▏[38;2;54;45;46;48;2;61;44;44m▏[0m[7m[38;2;105;60;58m▃[38;2;111;68;59m▃[38;2;103;59;57m▃[38;2;97;53;52m▂[38;2;99;54;52m▂[0m[38;2;97;58;50;48;2;79;44;42m▕[38;2;105;49;43;48;2;121;93;70m▀[0m[7m[38;2;147;94;69m▂[38;2;191;134;82m▂[38;2;132;80;65m▂[38;2;111;60;52m▁[38;2;189;128;77m▁[38;2;174;115;74m▂[38;2;189;133;83m▃[0m[38;2;184;132;88m▀[7m[38;2;177;172;157m▃[0m
[?25h