[?25l[0m [38;2;0;0;0m        [0m [7m[38;2;199;170;146m▀[0m[38;2;223;187;156m▆[7m[38;2;238;196;161m▔[0m[38;2;186;186;184;48;2;245;197;158m▔[38;2;245;192;152;48;2;234;223;203m▆[38;2;130;131;131;48;2;246;208;172m▔[0m[38;2;245;214;180m▆[38;2;228;203;174m▅[38;2;170;166;152m▃[0m [38;2;4;4;4m             [0m
 [38;2;0;0;0m       [38;2;200;168;147m▗[38;2;149;130;116;48;2;214;166;136m▔[38;2;239;186;148;48;2;245;192;152m▔[48;2;246;193;152m    [38;2;250;220;186m▝[38;2;246;193;152;48;2;250;220;186m▆[48;2;246;193;152m [38;2;248;227;192;48;2;246;195;154m▝[0m[7m[38;2;219;206;182m▝[0m [38;2;57;57;57m            [0m
 [38;2;0;0;0m      [0m [38;2;163;149;140;48;2;178;127;109m▏[38;2;208;152;123;48;2;243;189;149m▏[38;2;246;193;152;48;2;244;192;151m▝[38;2;245;193;152;48;2;246;193;152m▖      [38;2;245;192;151;48;2;245;193;152m▁[38;2;250;224;187m▝[0m[38;2;209;203;183m▋            [0m
 [38;2;0;0;0m      [7m[38;2;197;193;191m▊[0m[38;2;232;179;144;48;2;151;94;81m▏[38;2;179;122;101;48;2;237;181;144m▖[38;2;243;187;148;48;2;244;189;149m▂[38;2;237;183;144;48;2;243;190;149m▕[38;2;235;180;142;48;2;244;191;150m▁[38;2;238;185;145;48;2;244;191;151m▁[38;2;215;161;129;48;2;245;192;152m▂[38;2;221;174;139;48;2;241;189;149m▁[38;2;206;175;153;48;2;244;191;151m▂[38;2;206;179;161;48;2;241;188;149m▁[38;2;244;189;149;48;2;245;191;150m▅[38;2;244;187;147;48;2;244;189;148m▃[38;2;123;117;113;48;2;241;220;190m▕[0m[38;2;165;148;136m▂           [0m
 [38;2;0;0;0m      [0m [7m[38;2;161;114;103m▖[0m[38;2;180;124;103;48;2;136;80;71m▝[38;2;164;120;107;48;2;242;185;147m▆[38;2;215;172;146;48;2;206;164;138m▏[38;2;168;115;100;48;2;235;180;142m▅[38;2;215;158;127;48;2;237;181;143m▏[38;2;192;135;110;48;2;236;181;144m▔[38;2;190;163;147;48;2;224;184;158m▘[38;2;230;190;162;48;2;189;175;165m▆[38;2;217;189;169;48;2;238;187;151m▔[38;2;242;185;146;48;2;244;187;147m▅[38;2;243;186;146;48;2;241;183;144m▀[38;2;184;130;106;48;2;231;176;140m▗[38;2;204;148;119;48;2;227;174;142m▍[0m[38;2;139;138;137m▎          [0m
 [38;2;0;0;0m    [38;2;98;93;94m▐[7m[38;2;97;82;80m▔[0m[38;2;123;109;107m▖[38;2;173;152;143m▐[38;2;162;113;94;48;2;150;97;84m▖[38;2;134;80;72;48;2;168;147;140m▆[38;2;207;170;150;48;2;143;85;75m▀[38;2;195;138;114;48;2;152;91;79m▘[38;2;171;111;93;48;2;234;177;141m▎[38;2;232;173;138;48;2;242;184;146m▁[38;2;241;183;144;48;2;243;186;146m▃[38;2;243;185;146;48;2;241;183;144m▀[38;2;240;182;143;48;2;242;185;146m▅[38;2;241;181;142;48;2;241;183;144m▅[48;2;240;180;142m▀[38;2;207;149;119;48;2;227;169;135m▝[0m[7m[38;2;199;162;139m▗[0m [38;2;54;54;54m          [0m
 [38;2;0;0;0m    [7m[38;2;147;145;146m▊[0m[38;2;84;67;64;48;2;72;54;52m▁[38;2;85;66;62;48;2;174;173;173m▊[0m[38;2;140;128;123m▝[38;2;133;112;105;48;2;147;96;83m▃[38;2;158;105;88;48;2;141;86;75m▎[38;2;140;82;73;48;2;135;78;69m▝[38;2;149;89;78;48;2;142;84;74m▝[38;2;182;123;102;48;2;152;92;80m▕[38;2;194;141;113;48;2;239;179;142m▁[38;2;236;177;140;48;2;241;181;142m▁[38;2;240;182;143m▔[38;2;240;180;141;48;2;241;180;142m▅[48;2;240;180;141m [38;2;192;134;110;48;2;237;176;139m▗[0m[7m[38;2;188;159;145m▐[0m [38;2;4;4;4m           [0m
 [38;2;0;0;0m    [0m [38;2;231;231;232;48;2;78;61;59m▏[38;2;117;105;101;48;2;92;69;64m▕[0m[38;2;221;221;221m▏[0m [7m[38;2;166;138;126m▅[0m[38;2;148;111;100;48;2;97;67;63m▚[38;2;174;134;122;48;2;136;79;70m▁[38;2;159;102;87;48;2;139;82;72m▔[38;2;219;159;128;48;2;159;101;86m▐[38;2;238;178;141;48;2;239;179;141m▖[38;2;240;179;141;48;2;240;180;141m▖[38;2;213;153;122;48;2;240;179;141m▁[38;2;229;169;134;48;2;117;79;64m▀[38;2;163;112;91;48;2;236;179;142m▘[0m[7m[38;2;216;208;188m▝[0m[38;2;168;162;156m▃[38;2;180;176;162m▃[7m[38;2;214;209;188m▀[0m[38;2;220;215;195m▃[38;2;164;162;152m▂[0m [38;2;210;207;192m▂[38;2;170;169;164m▁[0m [38;2;1;1;1m   [0m
 [38;2;0;0;0m   [0m [38;2;178;178;178m▁[38;2;177;178;178;48;2;59;43;43m▎[38;2;87;65;61;48;2;62;47;45m▅[0m[38;2;161;156;155m▎   [7m[38;2;118;108;104m▆[38;2;166;129;117m▖[0m[38;2;195;137;111;48;2;134;80;70m▝[38;2;236;176;140;48;2;111;65;57m▀[38;2;215;157;125;48;2;48;27;25m▀[38;2;137;95;77;48;2;40;23;20m▚[38;2;109;74;60;48;2;225;167;133m▘[38;2;241;184;146;48;2;251;217;182m▋[38;2;197;179;162;48;2;238;221;192m▕[38;2;150;127;117;48;2;217;207;188m▘[38;2;187;177;162;48;2;216;205;188m▝[38;2;187;176;160;48;2;215;203;189m▔[38;2;171;158;149;48;2;210;199;181m▖[38;2;216;206;185;48;2;230;220;197m▏[38;2;147;137;130;48;2;226;217;196m▁[38;2;130;120;117;48;2;237;227;203m▃[38;2;170;160;151;48;2;231;222;200m▂[0m[7m[38;2;229;220;199m▔[0m[38;2;198;193;173m▅[0m [38;2;18;18;18m [0m
 [38;2;0;0;0m  [0m [7m[38;2;72;68;70m▘[0m[38;2;82;66;66;48;2;63;47;49m▕[38;2;105;93;93;48;2;70;53;53m▔[38;2;59;44;44;48;2;75;56;53m▅[0m[7m[38;2;106;97;96m▝[0m[38;2;145;137;134m▂[0m [38;2;197;194;190m▁[38;2;157;152;146m▃[38;2;100;97;93;48;2;129;123;121m▏[38;2;160;121;105;48;2;115;75;72m▘[38;2;124;69;63;48;2;127;71;65m▅[38;2;139;83;73;48;2;189;131;108m▊[38;2;207;148;119;48;2;237;177;140m▔[38;2;233;174;137;48;2;158;101;86m▘[38;2;107;99;98;48;2;213;166;136m▗[38;2;188;176;164;48;2;126;119;114m▊[38;2;212;201;186;48;2;140;131;126m▔[38;2;114;106;105;48;2;199;188;175m▁[38;2;143;133;128;48;2;206;194;181m▖[38;2;179;168;158;48;2;212;201;186m▗[38;2;145;135;130;48;2;198;186;174m▆[38;2;123;114;112;48;2;205;194;181m▘[38;2;134;126;122;48;2;218;207;192m▁[38;2;103;97;96;48;2;223;212;195m▂[38;2;104;98;97;48;2;221;211;191m▃[38;2;161;154;142;48;2;221;212;188m▁[0m[7m[38;2;185;180;168m▐[0m[38;2;28;28;28m [0m
 [38;2;0;0;0m [0m [7m[38;2;60;57;59m▘[0m[38;2;65;50;52;48;2;34;27;29m▗[38;2;45;33;35;48;2;61;46;48m▝[38;2;67;50;50;48;2;32;24;27m▔[38;2;65;49;49;48;2;32;24;26m▗[38;2;87;67;64;48;2;52;38;38m▅[38;2;121;100;92;48;2;81;62;58m▝[38;2;105;88;84;48;2;168;159;150m▋[38;2;116;109;107;48;2;186;175;164m▅[38;2;150;142;135;48;2;100;94;93m▘[38;2;47;43;43;48;2;97;91;91m▗[38;2;58;54;55;48;2;88;48;45m▘[38;2;123;68;63;48;2;121;67;62m▝[38;2;135;83;72;48;2;123;68;63m▁[38;2;196;141;114;48;2;148;93;79m▃[38;2;194;141;111;48;2;133;78;69m▅[38;2;120;112;107;48;2;85;71;69m▝[38;2;60;44;43;48;2;132;120;112m▅[38;2;64;48;47;48;2;167;151;136m▃[38;2;100;85;79;48;2;177;162;146m▃[38;2;107;97;93;48;2;195;184;171m▃[38;2;199;188;175;48;2;110;82;77m▀[38;2;139;114;105;48;2;156;109;82m▝[38;2;215;144;67;48;2;131;95;84m▅[38;2;224;152;68;48;2;117;70;59m▆[38;2;224;151;68;48;2;129;70;54m▅[38;2;186;117;64;48;2;85;51;45m▆[38;2;162;98;60;48;2;109;87;85m▂[38;2;102;96;96;48;2;208;201;180m▅[0m[7m[38;2;177;171;160m▝[0m
  [7m[38;2;78;75;77m▘[0m[38;2;27;21;24;48;2;26;21;24m▏[38;2;53;40;43;48;2;29;22;25m▂[38;2;32;24;28;48;2;58;44;46m▆[38;2;23;18;21;48;2;27;20;23m▕[38;2;17;13;15;48;2;24;19;22m▝[38;2;55;41;43;48;2;30;22;25m▃[38;2;28;21;23;48;2;68;51;52m▀[38;2;64;48;48;48;2;102;95;94m▍[38;2;48;37;38;48;2;95;87;87m▃[38;2;47;35;36;48;2;102;86;80m▂[38;2;90;62;60;48;2;45;28;28m▚[38;2;77;39;36;48;2;114;69;63m▔[38;2;74;58;54;48;2;117;86;77m▁[38;2;174;119;97;48;2;122;83;68m▝[38;2;214;144;67;48;2;144;88;63m▅[38;2;188;120;63;48;2;82;45;39m▋[38;2;53;30;31;48;2;43;29;31m▁[38;2;42;28;31;48;2;50;35;36m▅[38;2;56;46;47;48;2;47;33;34m▁[38;2;138;98;75;48;2;65;51;51m▁[38;2;169;103;61;48;2;115;79;70m▂[38;2;181;113;63;48;2;139;76;59m▗[38;2;157;92;61;48;2;220;148;67m▎[38;2;226;153;68;48;2;225;153;68m▔▝[38;2;225;153;68;48;2;226;153;68m▖[38;2;225;152;68m▂[38;2;210;140;67;48;2;225;152;69m▔[38;2;81;55;28;48;2;165;155;147m▋[0m[38;2;172;165;159m▋[0m
  [7m[38;2;70;67;69m▖[0m[38;2;36;27;31;48;2;24;19;22m▕[38;2;59;44;48;48;2;30;23;26m▘[38;2;28;22;25;48;2;36;28;30m▆[38;2;15;12;13;48;2;24;19;22m▏[38;2;32;25;28;48;2;27;21;24m▕[38;2;27;21;24;48;2;60;46;48m▃[38;2;71;65;66;48;2;57;43;45m▗[38;2;40;30;33;48;2;80;71;72m▐[38;2;34;24;27;48;2;37;26;28m▆[38;2;89;72;72;48;2;42;33;35m▗[38;2;78;62;62;48;2;101;46;44m▘[38;2;150;125;109;48;2;95;55;51m▗[38;2;84;67;61;48;2;153;129;111m▀[38;2;191;145;99;48;2;156;95;55m▆[38;2;216;146;67;48;2;218;147;67m▁[38;2;195;129;63;48;2;222;149;68m▔[38;2;215;143;67;48;2;113;59;48m▅[38;2;91;54;49;48;2;222;149;68m▀[38;2;216;144;67;48;2;112;78;69m▅[38;2;192;123;64;48;2;146;84;57m▝[38;2;207;138;66;48;2;163;98;59m▖[38;2;218;147;68;48;2;158;94;58m▝[38;2;172;106;59;48;2;224;152;68m▂[38;2;212;141;66;48;2;225;153;68m▁[38;2;225;153;68;48;2;225;152;68m▀[38;2;224;151;69;48;2;225;153;68m▅[38;2;223;150;69;48;2;224;151;69m▗[38;2;221;150;70;48;2;223;150;69m▗[38;2;154;125;94;48;2;154;123;90m▁[0m[38;2;148;147;146m▎[0m
 [38;2;0;0;0m [0m [38;2;71;69;70;48;2;53;49;51m▏[38;2;21;16;19;48;2;27;21;24m▁[38;2;27;21;24;48;2;42;31;35m▊[38;2;51;38;41;48;2;58;43;47m▁[38;2;26;20;23;48;2;46;34;37m▝[38;2;76;62;62;48;2;40;31;33m▗[38;2;100;53;50;48;2;65;47;47m▆[38;2;69;62;63;48;2;101;49;47m▔[38;2;49;42;44;48;2;101;50;48m▔[38;2;125;67;48;48;2;104;50;47m▁[38;2;177;114;59;48;2;109;53;43m▅[38;2;80;60;54;48;2;128;100;83m▆[38;2;90;67;59;48;2;153;128;110m▆[38;2;126;86;54;48;2;215;145;68m▘[38;2;203;138;64;48;2;220;148;69m▏[38;2;222;150;70;48;2;224;151;69m▂[38;2;223;149;70m▂[38;2;223;150;70m▂[38;2;223;150;71m▂[38;2;207;137;66;48;2;220;147;69m▔[38;2;125;64;49;48;2;196;128;64m▗[38;2;194;128;62;48;2;116;59;46m▝[38;2;175;109;60;48;2;127;65;49m▝[38;2;201;132;63;48;2;150;87;54m▝[38;2;197;128;63;48;2;203;134;65m▏[38;2;224;151;69;48;2;149;85;54m▀[38;2;115;54;48;48;2;213;143;68m▂[38;2;143;79;55;48;2;215;144;69m▁[38;2;117;80;40;48;2;203;194;183m▋[0m[38;2;183;183;182m▏[0m
 [38;2;125;117;113m▃[38;2;94;84;82m▆[38;2;92;87;85;48;2;50;43;43m▔[38;2;25;20;23;48;2;12;10;11m▅[38;2;35;27;30;48;2;21;17;19m▝[38;2;26;21;23;48;2;57;43;46m▆[38;2;28;22;25;48;2;26;20;23m▕[38;2;40;28;31;48;2;96;54;52m▋[38;2;103;46;43;48;2;104;46;43m▏[38;2;105;46;43m▔[38;2;198;131;69;48;2;117;57;46m▗[38;2;201;135;68;48;2;160;98;57m▆[38;2;111;77;62;48;2;202;135;68m▐[38;2;161;138;118;48;2;106;87;79m▅[38;2;119;98;86;48;2;160;110;71m▎[38;2;206;139;69;48;2;209;141;68m▁[38;2;220;148;70;48;2;217;146;71m▀[48;2;218;146;71m▀[48;2;218;146;70m▀[38;2;221;148;70m▀[38;2;218;147;70;48;2;221;149;70m▅[38;2;218;146;70;48;2;219;148;70m▕[38;2;110;50;45;48;2;182;115;61m▝[38;2;96;42;38;48;2;88;37;34m▆[38;2;152;87;55;48;2;115;54;46m▁[38;2;135;73;51;48;2;208;139;68m▘[38;2;175;108;60;48;2;196;127;65m▗[38;2;156;92;56;48;2;217;146;70m▅[38;2;193;126;66;48;2;133;70;51m▆[38;2;129;66;51;48;2;203;135;70m▀[38;2;157;126;95;48;2;194;150;105m▁[0m[38;2;202;199;186m▍[0m
[7m[38;2;80;77;78m▘[0m[38;2;46;38;39;48;2;102;88;83m▖[38;2;65;55;54;48;2;28;22;25m▘[38;2;18;14;16;48;2;26;20;23m▎[38;2;26;19;23;48;2;27;21;24m▏ [38;2;30;23;26;48;2;25;20;23m▁[38;2;64;49;51;48;2;35;27;30m▃[38;2;60;46;48;48;2;88;42;41m▏[38;2;100;44;41;48;2;102;45;42m▃[38;2;109;52;45;48;2;180;116;68m▘[38;2;204;137;73;48;2;196;130;73m▀[38;2;126;70;50;48;2;192;129;69m▗[38;2;177;113;65;48;2;116;76;58m▏[38;2;174;115;65;48;2;100;75;67m▃[38;2;107;73;64;48;2;196;131;70m▘[38;2;183;120;67;48;2;198;132;68m▁[38;2;208;140;72;48;2;213;143;71m▃[38;2;214;144;71;48;2;210;141;72m▀[38;2;192;126;67;48;2;214;143;71m▁[38;2;109;51;44;48;2;208;138;69m▁[38;2;111;52;45;48;2;205;136;69m▃[38;2;112;53;45;48;2;200;132;67m▆[38;2;110;53;44;48;2;98;44;40m▏[38;2;64;28;26;48;2;120;58;48m▋[38;2;148;84;55;48;2;213;143;71m▘[38;2;217;146;71;48;2;215;145;71m▀[38;2;216;146;71;48;2;214;144;71m▀[38;2;203;135;70;48;2;213;143;71m▁[38;2;211;142;72;48;2;207;139;72m▀[38;2;207;139;73;48;2;202;136;73m▀[38;2;120;112;105;48;2;144;110;77m▗[0m[38;2;209;205;186m▋[0m
[38;2;187;188;188;48;2;27;21;24m▎[38;2;28;22;25m▔[38;2;26;21;24m▕[38;2;26;20;23m▏  [38;2;69;54;55;48;2;36;28;31m▐[38;2;65;50;51;48;2;77;60;61m▗[38;2;68;53;54;48;2;86;46;45m▘[38;2;95;42;40;48;2;98;43;40m▃[38;2;101;48;42;48;2;171;109;67m▃[38;2;95;44;40;48;2;185;121;71m▃[38;2;166;106;64;48;2;92;41;39m▀[38;2;95;44;39;48;2;186;123;72m▆[38;2;94;42;39;48;2;175;114;67m▆[38;2;100;46;41;48;2;174;116;65m▆[38;2;95;41;39;48;2;174;114;64m▆[38;2;205;138;73;48;2;101;47;41m▔[38;2;179;117;65;48;2;99;43;41m▔[38;2;112;56;46;48;2;103;45;42m▔[38;2;141;81;55;48;2;104;47;43m▂[38;2;104;47;42;48;2;191;125;69m▀[38;2;197;130;70;48;2;102;47;41m▅[38;2;132;71;52;48;2;112;51;46m▏[38;2;82;36;33;48;2;124;62;50m▋[38;2;166;102;61;48;2;209;141;71m▖[38;2;208;140;72;48;2;212;142;71m▅[38;2;204;136;72;48;2;209;140;72m▁[38;2;147;84;56;48;2;193;127;69m▖[38;2;203;137;73;48;2;200;134;73m▀[38;2;199;134;73;48;2;196;131;73m▘[38;2;109;100;92;48;2;192;128;72m▐[0m[7m[38;2;216;211;189m▕[0m
[38;2;65;62;64m▝[38;2;39;36;37;48;2;34;32;33m▕[0m[7m[38;2;47;42;45m▂[38;2;40;35;38m▁[0m[38;2;133;133;133;48;2;27;21;24m▁[38;2;94;93;94;48;2;28;21;24m▂[38;2;57;49;51;48;2;49;43;45m▕[38;2;59;50;52;48;2;51;44;45m▏[0m[38;2;98;64;64m▀[38;2;100;61;60m▘[0m [7m[38;2;122;85;84m▅[0m[38;2;127;98;97m▝[38;2;128;93;92m▘[7m[38;2;102;64;63m▃[38;2;103;64;63m▃[0m[38;2;109;62;60m▝[38;2;99;66;54;48;2;78;50;45m▕[0m[7m[38;2;162;113;87m▂[38;2;172;117;82m▃[38;2;169;120;84m▃[38;2;189;137;88m▃[38;2;157;108;78m▃[0m[38;2;88;63;62;48;2;73;48;47m▕[38;2;142;98;95;48;2;89;55;52m▕[38;2;122;120;120;48;2;136;76;59m▁[0m[7m[38;2;188;127;78m▂[38;2;167;108;74m▃[0m[38;2;181;124;83m▀[7m[38;2;184;141;103m▅[38;2;182;148;121m▆[0m[38;2;190;180;174m▔[38;2;196;192;174m▀[0m
[?25h