[?25l[0m            [7m[38;2;145;123;116m▀[38;2;195;184;185m▀[38;2;183;176;182m▀[38;2;122;116;124m▀[0m              [0m
           [38;2;151;119;116;48;2;131;104;103m▀[38;2;185;156;158;48;2;152;128;130m▀[38;2;222;208;204;48;2;169;149;151m▀[38;2;230;223;222;48;2;179;154;155m▀[38;2;232;227;227;48;2;223;214;212m▀[38;2;181;179;196;48;2;229;222;222m▀[0m[7m[38;2;214;211;217m▀[0m            [0m
      [7m[38;2;121;98;90m▀[38;2;176;157;156m▀[0m[38;2;81;58;54;48;2;222;210;211m▀[38;2;71;64;71;48;2;174;169;190m▀[38;2;100;62;64;48;2;111;71;71m▀[38;2;136;103;106;48;2;136;102;100m▀[38;2;145;121;121;48;2;144;122;126m▀[38;2;151;127;131;48;2;163;141;141m▀[38;2;174;153;150;48;2;93;95;107m▀[0m[38;2;210;198;198m▀[38;2;198;181;184;48;2;169;131;115m▀[38;2;227;220;221;48;2;129;133;152m▀[0m            [0m
      [38;2;157;125;109;48;2;207;185;175m▀[38;2;225;220;222;48;2;225;219;223m▀[38;2;205;197;206;48;2;100;87;107m▀[0m[38;2;139;123;136m▀[0m [38;2;131;94;93m▀[38;2;144;115;119;48;2;110;72;67m▀[38;2;150;128;131;48;2;137;105;106m▀[0m[7m[38;2;142;114;116m▀[38;2;178;152;149m▀[0m[38;2;185;156;149;48;2;196;184;196m▀[0m             [0m
     [38;2;86;39;41;48;2;99;45;45m▀[38;2;181;150;135;48;2;170;133;119m▀[38;2;221;216;219;48;2;228;221;223m▀[38;2;100;82;105;48;2;125;118;139m▀[0m    [38;2;110;72;66m▀[38;2;132;104;107;48;2;84;59;60m▀[38;2;156;127;127;48;2;147;115;116m▀[38;2;162;141;156;48;2;141;122;137m▀[0m        [7m[38;2;115;101;108m▀[0m    [0m
    [38;2;110;46;50;48;2;102;42;56m▀[38;2;103;43;46;48;2;82;34;46m▀[0m[38;2;122;82;69m▀[38;2;223;210;205;48;2;100;70;68m▀[38;2;216;210;214;48;2;169;141;139m▀[38;2;148;127;148;48;2;192;171;173m▀[0m[7m[38;2;95;73;94m▀[0m[38;2;90;51;51;48;2;94;47;46m▀[38;2;105;57;57;48;2;148;112;122m▀[38;2;107;64;60;48;2;135;98;96m▀[0m[7m[38;2;83;57;61m▀[0m[38;2;135;107;105m▀[38;2;104;95;109m▀[0m   [7m[38;2;83;55;51m▀[38;2;117;96;102m▀[0m[38;2;88;67;61;48;2;127;104;104m▀[38;2;94;88;98;48;2;128;110;115m▀[38;2;146;120;110;48;2;154;133;134m▀[38;2;156;141;141;48;2;146;128;132m▀[38;2;128;119;127;48;2;157;139;138m▀[0m[7m[38;2;161;145;146m▀[38;2;73;78;91m▀[0m [0m
     [38;2;81;36;43m▀[38;2;102;46;54;48;2;94;44;47m▀[0m[7m[38;2;95;45;44m▀[0m[38;2;81;45;46;48;2;95;45;45m▀[0m[38;2;108;72;71m▀[0m [38;2;90;47;46;48;2;79;35;40m▀[38;2;190;167;154;48;2;114;68;55m▀[38;2;229;222;225;48;2;224;213;207m▀[38;2;163;165;181;48;2;232;227;227m▀[38;2;72;52;66;48;2;150;151;178m▀[0m[7m[38;2;85;39;42m▀[0m   [38;2;108;81;76;48;2;108;84;90m▀[0m[38;2;127;101;109m▀[38;2;132;99;106;48;2;81;54;55m▀[38;2;113;88;96;48;2;105;78;83m▀[38;2;156;121;123;48;2;172;134;134m▀[38;2;173;139;148;48;2;159;132;143m▀[38;2;178;147;157;48;2;101;87;97m▀[0m[38;2;113;100;113m▀[0m  [0m
      [38;2;96;43;44;48;2;99;43;47m▀[38;2;86;37;38;48;2;81;33;44m▀[38;2;95;41;41;48;2;101;45;45m▀[38;2;81;35;39;48;2;97;40;43m▀[38;2;87;37;43;48;2;85;37;44m▀[38;2;89;36;47;48;2;101;44;45m▀[0m[7m[38;2;100;43;42m▀[0m[38;2;175;139;119;48;2;155;115;93m▀[38;2;232;227;227;48;2;220;212;215m▀[38;2;165;169;191;48;2;213;205;211m▀[38;2;77;36;44;48;2;83;61;83m▀[0m[38;2;95;42;44m▀[0m [38;2;98;75;79;48;2;96;76;79m▀[0m  [38;2;102;71;61;48;2;133;105;97m▀[38;2;153;138;143;48;2;152;135;136m▀[0m[38;2;132;111;111m▀[38;2;163;147;150;48;2;129;104;99m▀[48;2;142;127;132m▀[0m[38;2;88;89;103m▀[0m  [0m
      [38;2;104;41;47;48;2;104;46;50m▀[38;2;85;33;42;48;2;101;46;49m▀[38;2;107;42;45;48;2;115;53;52m▀[38;2;104;41;45;48;2;114;52;51m▀[38;2;88;35;43;48;2;83;36;43m▀[38;2;103;40;45;48;2;115;53;53m▀[38;2;107;42;45;48;2;114;51;51m▀[38;2;116;68;59;48;2;101;54;44m▀[38;2;213;194;189;48;2;218;200;188m▀[38;2;215;202;203;48;2;192;172;177m▀[38;2;182;169;184;48;2;224;216;219m▀[0m[7m[38;2;95;79;106m▀[38;2;103;47;46m▀[0m[38;2;92;67;66;48;2;104;63;71m▀[0m          [0m
      [38;2;91;43;43;48;2;85;40;42m▀[38;2;102;52;41;48;2;99;47;50m▀[38;2;102;51;40;48;2;97;46;46m▀[48;2;96;46;45m▀[0m[38;2;91;44;37m▀[38;2;103;54;44;48;2;98;48;49m▀[38;2;100;49;40;48;2;88;36;47m▀[38;2;95;51;44;48;2;106;58;46m▀[38;2;218;201;189;48;2;221;206;198m▀[38;2;169;143;150;48;2;154;124;138m▀[38;2;228;220;218;48;2;225;215;210m▀[38;2;124;119;148;48;2;151;153;179m▀[38;2;100;53;44;48;2;97;53;47m▀[38;2;102;66;68;48;2;99;64;74m▀[38;2;102;51;41;48;2;94;43;45m▀[0m         [0m
      [38;2;93;38;48;48;2;89;37;47m▀[38;2;109;44;55;48;2;108;45;61m▀[38;2;108;44;56;48;2;108;43;59m▀[38;2;108;45;51;48;2;108;46;52m▀[0m [38;2;99;42;48m▀[38;2;90;36;49;48;2;89;36;48m▀[38;2;117;64;50;48;2;142;98;82m▀[38;2;221;209;206;48;2;221;214;218m▀[38;2;119;91;109;48;2;99;72;88m▀[38;2;220;204;194;48;2;218;201;188m▀[38;2;194;196;209;48;2;226;221;224m▀[38;2;79;52;64;48;2;41;55;74m▀[38;2;90;61;73;48;2;60;47;52m▀[0m          [0m
       [38;2;91;34;51m▀[38;2;95;35;55;48;2;95;33;61m▀[38;2;96;35;55;48;2;95;33;62m▀[0m  [7m[38;2;134;85;68m▀[0m[38;2;205;177;159;48;2;225;213;209m▀[38;2;221;216;221;48;2;224;217;223m▀[38;2;90;69;90;48;2;67;52;79m▀[38;2;202;176;160;48;2;187;150;133m▀[38;2;231;225;226;48;2;217;206;208m▀[38;2;103;113;137;48;2;147;143;165m▀[0m           [0m
         [38;2;83;30;55;48;2;85;31;57m▀[0m [38;2;114;59;65m▀[38;2;201;175;171m▀[38;2;219;202;207m▀[38;2;192;177;193m▀[0m               [0m
                              [0m
                              [0m
[?25h