[?25l[0m [38;2;0;0;0m       [38;2;105;74;70m▁[38;2;150;121;113m▃[7m[38;2;216;199;198m▀[38;2;227;219;222m▀[0m[38;2;218;209;214m▃[38;2;81;88;107m▂          [0m
 [38;2;0;0;0m    [0m [38;2;75;54;52m▂[38;2;114;94;99m▂[7m[38;2;106;66;66m▘[0m[38;2;119;94;93;48;2;149;122;124m▂[38;2;152;128;131;48;2;189;170;169m▅[38;2;230;223;224;48;2;179;157;157m▔[38;2;230;223;222;48;2;211;198;199m▀[38;2;116;120;140;48;2;219;210;210m▔[0m[38;2;132;143;164m▋         [0m
 [38;2;0;0;0m   [38;2;92;68;56m▂[7m[38;2;208;190;183m▔[0m[38;2;169;157;167;48;2;218;205;205m▂[38;2;94;58;73;48;2;170;161;178m▂[0m[7m[38;2;110;73;73m▃[0m[38;2;90;56;53;48;2;135;104;104m▁[38;2;138;114;115;48;2;156;131;133m▃[0m[38;2;131;120;129m▋[38;2;177;151;150m▂[38;2;80;91;116;48;2;183;165;169m▗[0m[38;2;94;101;119m▔         [0m
 [38;2;0;0;0m  [0m [38;2;133;92;78;48;2;93;45;44m▕[38;2;177;138;120;48;2;223;210;205m▎[38;2;190;190;206;48;2;107;87;108m▋[0m[38;2;86;49;60m▎[0m  [38;2;129;86;84m▝[7m[38;2;123;96;98m▂[0m[38;2;175;149;149;48;2;145;120;121m▐[0m[38;2;152;137;153m▋[0m [38;2;9;17;25m   [0m  [38;2;146;129;135m▂[0m [38;2;40;40;47m  [0m
 [38;2;0;0;0m [0m [7m[38;2;103;44;52m▂[0m[38;2;81;34;45;48;2;91;41;45m▖[38;2;200;175;163;48;2;82;44;46m▝[38;2;90;51;50;48;2;213;199;199m▃[38;2;116;82;82;48;2;182;164;174m▂[0m[38;2;98;79;100m▎[38;2;181;142;128;48;2;94;51;51m▗[38;2;202;190;197;48;2;104;62;61m▃[0m[38;2;155;132;135m▖[7m[38;2;176;147;146m▆[0m[38;2;97;84;97m▘[0m  [38;2;98;70;67m▅[38;2;112;89;98m▅[38;2;71;55;55;48;2;130;109;114m▔[38;2;109;84;84;48;2;154;129;128m▎[38;2;159;140;145;48;2;156;136;141m▏[38;2;79;71;79;48;2;157;139;144m▝[0m[38;2;135;127;135m▖[0m [0m
 [38;2;0;0;0m [0m  [7m[38;2;91;40;47m▎[0m[38;2;120;45;66;48;2;97;47;45m▔[38;2;90;33;45;48;2;93;44;42m▁[0m[38;2;88;40;42m▊[38;2;102;44;50m▂[38;2;119;71;64;48;2;85;38;45m▔[38;2;94;46;46;48;2;197;170;153m▖[38;2;206;200;208;48;2;231;226;226m▔[38;2;81;66;97;48;2;191;184;198m▐[0m[7m[38;2;86;39;44m▕[0m [7m[38;2;95;68;66m▀[38;2;109;85;87m▃[38;2;123;99;105m▆[0m[38;2;103;80;85;48;2;134;109;110m▝[38;2;78;75;89;48;2;146;119;119m▏[38;2;140;120;124;48;2;163;140;148m▝[0m[7m[38;2;135;121;129m▝[0m [38;2;48;48;60m [0m
 [38;2;0;0;0m   [0m [38;2;97;41;46m▋[38;2;80;32;37;48;2;100;44;44m▏[38;2;92;39;39;48;2;104;44;47m▀[0m[7m[38;2;89;38;44m▂[0m[38;2;100;41;44;48;2;100;43;43m▏[38;2;93;40;40;48;2;131;77;54m▋[38;2;167;129;99;48;2;222;213;217m▖[38;2;155;166;190;48;2;208;197;202m▕[38;2;213;204;213;48;2;86;59;78m▖[0m[38;2;82;35;39m▚[7m[38;2;101;77;81m▍[0m  [38;2;152;129;130m▀[38;2;90;92;111m▘[7m[38;2;143;115;114m▅[38;2;125;112;123m▅[0m [38;2;17;21;29m [0m
 [38;2;0;0;0m   [38;2;96;42;43m▕[38;2;122;58;56;48;2;99;47;49m▔[38;2;145;76;60;48;2;102;48;46m▔[38;2;144;74;56;48;2;101;47;45m▔[0m[7m[38;2;98;46;44m▗[0m[38;2;144;74;57;48;2;102;48;47m▔[0m[7m[38;2;95;43;46m▕[0m[38;2;171;117;74;48;2;229;223;222m▍[38;2;215;206;217;48;2;172;145;149m▏[38;2;157;158;188;48;2;223;217;221m▕[38;2;87;84;121;48;2;88;46;52m▖[38;2;105;51;49;48;2;109;70;73m▕[0m[7m[38;2;95;44;45m▁[0m  [38;2;0;0;0m     [0m
 [38;2;0;0;0m   [0m [7m[38;2;100;41;54m▁[38;2;100;40;55m▁[38;2;100;42;51m▁[38;2;92;39;46m▐[38;2;98;42;50m▅[0m[38;2;166;128;105;48;2;95;44;46m▗[38;2;199;165;141;48;2;220;213;216m▘[38;2;87;69;101;48;2;177;123;82m▋[38;2;222;210;203;48;2;232;227;227m▏[0m[38;2;160;166;189m▋[7m[38;2;99;64;69m▅[0m  [38;2;0;0;0m      [0m
 [38;2;0;0;0m    [0m [7m[38;2;94;34;59m▖[0m[38;2;94;34;60;48;2;97;35;63m▕[0m[38;2;88;33;54m▋[38;2;172;129;117m▗[38;2;145;94;75;48;2;216;198;196m▘[38;2;164;154;183;48;2;222;212;216m▕[0m[38;2;89;92;136m▎[7m[38;2;201;180;173m▂[38;2;184;174;186m▂[0m[38;2;44;49;75m▎[0m [38;2;4;9;13m       [0m
 [38;2;0;0;0m   [0m     [38;2;128;104;109m▔[0m [38;2;110;87;96m▔[0m [38;2;8;5;8m [0m  [38;2;7;3;5m        [0m
 [38;2;0;0;0m    [0m [38;2;86;38;45m▝[0m [38;2;1;1;2m     [0m  [38;2;33;17;15m         [0m
[?25h