[?25l[0m [38;2;0;0;0m            [0m [38;2;154;114;102m▂[38;2;185;168;166m▃[38;2;186;177;182m▃[38;2;182;173;188m▂[38;2;108;111;139m▁[0m  [38;2;0;0;0m              [0m
 [38;2;0;0;0m          [0m [38;2;89;54;50m▆[38;2;145;118;114;48;2;90;60;43m▆[38;2;214;191;182;48;2;170;146;148m▔[38;2;165;143;144;48;2;219;205;202m▂[38;2;167;144;145;48;2;231;225;225m▂[38;2;214;193;183;48;2;229;222;221m▁[38;2;206;187;195;48;2;230;225;226m▔[0m[7m[38;2;179;179;195m▝[0m[38;2;179;182;201m▂[0m [38;2;12;24;37m             [0m
 [38;2;0;0;0m      [0m  [38;2;111;78;70m▂[7m[38;2;110;90;93m▀[0m[38;2;97;84;102m▂[38;2;82;41;37;48;2;126;80;78m▍[38;2;114;86;84;48;2;153;123;127m▃[38;2;124;106;104;48;2;161;137;138m▃[38;2;175;160;161;48;2;141;111;119m▀[38;2;174;155;161;48;2;157;132;133m▀[38;2;180;155;154;48;2;210;190;183m▎[38;2;201;188;187;48;2;216;207;211m▁[38;2;184;171;189;48;2;223;210;205m▖[38;2;197;194;210;48;2;230;225;225m▕[0m[7m[38;2;59;103;153m▐[0m[38;2;1;2;3m             [0m
 [38;2;0;0;0m     [0m [38;2;162;125;109m▆[38;2;226;217;217m▆[38;2;195;158;153;48;2;226;217;215m▔[38;2;178;166;183;48;2;218;208;210m▂[38;2;75;57;87;48;2;151;143;170m▐[38;2;91;56;48;48;2;145;96;93m▅[38;2;125;93;88;48;2;162;122;130m▅[38;2;131;106;107;48;2;165;129;141m▅[38;2;165;140;139;48;2;145;117;120m▀[38;2;28;47;70;48;2;148;136;144m▗[0m[38;2;110;115;135m▔[7m[38;2;147;93;60m▊[0m[38;2;174;125;100;48;2;199;182;184m▎[0m[7m[38;2;98;113;140m▗[0m [38;2;26;45;66m             [0m
 [38;2;0;0;0m    [0m [38;2;90;49;42m▆[38;2;122;90;81;48;2;198;169;154m▎[38;2;227;217;214;48;2;230;225;225m▎[38;2;95;78;108;48;2;167;164;182m▗[38;2;186;172;182;48;2;74;46;56m▔[0m[38;2;105;67;82m▘[0m [7m[38;2;124;84;75m▆[0m[38;2;135;103;101m▀[38;2;146;123;121;48;2;114;68;63m▀[38;2;154;132;134;48;2;117;86;87m▀[0m[7m[38;2;138;116;119m▔[0m[38;2;114;80;65;48;2;190;163;157m▔[38;2;194;178;193;48;2;115;118;141m▊[0m[38;2;107;108;132m▎[0m [38;2;0;0;0m             [0m
 [38;2;0;0;0m   [0m [38;2;94;40;44m▐[38;2;89;51;37;48;2;96;45;45m▕[38;2;116;74;62;48;2;197;165;149m▖[38;2;219;203;194;48;2;230;224;223m▏[38;2;108;106;133;48;2;184;183;199m▝[0m[7m[38;2;95;67;87m▐[0m    [7m[38;2;129;83;79m▆[0m[38;2;133;103;109m▀[38;2;110;71;62;48;2;136;110;111m▂[38;2;136;104;122;48;2;164;137;143m▔[38;2;150;125;138;48;2;50;62;91m▋[0m [38;2;11;21;32m    [0m   [38;2;113;75;63m▗[7m[38;2;150;127;133m▀[0m[38;2;103;95;108m▃[0m [38;2;21;30;44m   [0m
 [38;2;0;0;0m  [0m [7m[38;2;99;41;55m▘[0m[38;2;100;44;46;48;2;125;51;58m▆[0m[7m[38;2;97;41;47m▕[38;2;146;105;84m▆[38;2;205;183;173m▂[0m[38;2;160;123;120;48;2;224;214;218m▂[38;2;113;88;116;48;2;212;202;204m▔[38;2;174;170;189;48;2;93;56;78m▅[0m[38;2;75;63;85m▖[38;2;84;46;47;48;2;112;62;54m▊[38;2;157;121;131;48;2;92;49;51m▂[38;2;141;91;98;48;2;100;57;53m▁[0m[38;2;103;66;64m▋[7m[38;2;147;109;93m▆[38;2;183;161;169m▅[0m[38;2;128;111;129m▘[0m [38;2;3;8;11m  [0m [38;2;111;80;79m▃[38;2;130;119;136m▁[7m[38;2;142;115;109m▔[0m[38;2;48;54;71;48;2;128;112;120m▝[38;2;141;99;80;48;2;159;138;138m▍[38;2;131;111;118;48;2;160;142;144m▂[38;2;167;151;150;48;2;135;109;109m▀[0m[7m[38;2;132;116;123m▝[0m[38;2;146;128;131m▅[0m  [0m
 [38;2;0;0;0m  [0m   [7m[38;2;84;38;44m▏[0m[38;2;93;39;48;48;2;96;45;51m▏[0m[38;2;87;41;41m▅[7m[38;2;88;45;43m▕[38;2;139;103;99m▅[0m[38;2;160;110;118;48;2;97;60;61m▔[0m [7m[38;2;95;48;46m▏[38;2;200;167;151m▖[0m[38;2;226;218;218;48;2;194;180;189m▆[38;2;215;211;218;48;2;124;107;113m▆[0m[38;2;213;206;217m▃[38;2;91;68;90m▃[0m    [7m[38;2;128;82;60m▊[0m[38;2;112;80;79;48;2;129;102;106m▁[0m[7m[38;2;121;98;108m▁[0m[38;2;103;75;81;48;2;122;97;100m▘[0m[7m[38;2;106;82;90m▂[0m[38;2;148;106;92;48;2;156;135;141m▍[38;2;132;111;120;48;2;167;143;150m▃[0m[7m[38;2;167;145;150m▁[38;2;150;133;141m▁[38;2;155;150;162m▆[0m[38;2;58;71;91m▔[0m [0m
 [38;2;0;0;0m    [0m [7m[38;2;89;38;45m▎[0m[38;2;97;42;44;48;2;102;48;50m▖[38;2;89;40;41;48;2;98;44;45m▕[38;2;89;38;38;48;2;102;46;47m▖[38;2;97;40;42;48;2;101;46;47m▖[0m[38;2;87;38;45m▃[7m[38;2;92;38;44m▀[0m[38;2;88;37;43;48;2;94;40;49m▏[0m[7m[38;2;104;56;51m▅[0m[38;2;88;42;41;48;2;197;162;138m▖[38;2;226;215;211;48;2;232;226;226m▏[38;2;220;212;219;48;2;232;227;227m▕[38;2;143;153;187;48;2;75;61;93m▍[38;2;80;35;37;48;2;93;43;45m▗[0m[7m[38;2;95;42;47m▝[0m [7m[38;2;98;69;68m▘[38;2;113;90;94m▂[0m  [38;2;171;134;123;48;2;85;59;56m▂[38;2;105;72;70;48;2;150;133;140m▔[38;2;102;96;105;48;2;158;123;121m▖[38;2;214;186;195;48;2;163;143;149m▁[38;2;114;98;116;48;2;169;149;155m▔[0m[38;2;144;131;139m▆[38;2;68;76;97m▁  [0m
 [38;2;0;0;0m    [0m  [38;2;117;49;53;48;2;93;41;41m▃[0m[38;2;87;36;47m▃[38;2;92;41;41;48;2;111;49;47m▀[38;2;118;50;49;48;2;92;40;38m▃[38;2;115;50;51;48;2;88;37;40m▃[0m[7m[38;2;86;36;43m▝[0m[38;2;92;40;40;48;2;108;46;45m▀[38;2;118;50;49;48;2;92;40;37m▃[38;2;154;97;59;48;2;87;38;37m▐[38;2;157;123;98;48;2;216;206;206m▁[38;2;227;221;224;48;2;219;206;206m▁[38;2;91;113;160;48;2;213;206;213m▝[38;2;158;150;173;48;2;77;44;55m▂[0m[7m[38;2;110;53;52m▆[0m[38;2;88;38;38m▘[7m[38;2;129;90;77m▍[0m[38;2;84;94;119m▍[0m [38;2;99;59;44m▝[7m[38;2;152;126;124m▃[38;2;158;139;143m▂[0m[38;2;70;58;67m▔[7m[38;2;145;112;106m▅[38;2;157;137;140m▃[0m[38;2;127;117;130m▀[38;2;49;56;74m▔  [0m
 [38;2;0;0;0m     [0m [38;2;78;32;37;48;2;100;43;47m▏[0m[7m[38;2;99;44;48m▘[0m[38;2;95;39;42;48;2;120;55;52m▀[38;2;93;37;41;48;2;120;55;51m▀[38;2;93;36;40;48;2;119;55;51m▀[0m[38;2;88;38;45m▅[38;2;95;38;43;48;2;120;57;53m▀[38;2;93;37;41;48;2;120;55;51m▀[0m[7m[38;2;96;42;43m▕[0m[38;2;149;102;62;48;2;227;219;216m▋[38;2;227;220;224;48;2;148;139;182m▊[38;2;220;204;195;48;2;191;162;155m▐[38;2;152;153;184;48;2;221;214;221m▕[0m[7m[38;2;115;103;141m▐[38;2;100;44;46m▕[0m[38;2;75;44;50;48;2;98;62;67m▔[0m[38;2;127;55;61m▂[38;2;108;46;52m▂[38;2;76;40;47m▁[0m [38;2;1;3;4m        [0m
 [38;2;0;0;0m     [0m [7m[38;2;98;46;48m▏[0m[38;2;112;59;52;48;2;96;45;45m▃[38;2;108;55;46m▃[48;2;100;49;45m [38;2;100;48;45m▕[0m[7m[38;2;86;41;39m▗[0m[38;2;98;52;45;48;2;102;51;48m▘[38;2;102;45;50;48;2;87;45;34m▆[0m[7m[38;2;86;39;43m▕[0m[38;2;223;211;205;48;2;162;107;62m▐[38;2;220;214;220;48;2;120;114;170m▊[38;2;163;119;109;48;2;218;201;192m▊[38;2;222;215;222;48;2;231;225;225m▕[38;2;205;199;212;48;2;79;86;127m▍[0m[38;2;102;50;48m▋[38;2;102;54;52;48;2;105;75;80m▕[38;2;99;60;43;48;2;101;49;47m▁[0m[7m[38;2;98;46;45m▂[0m  [38;2;0;0;0m        [0m
 [38;2;0;0;0m     [0m [7m[38;2;97;40;49m▏[0m[38;2;121;52;63;48;2;97;40;50m▂[48;2;97;39;50m▂[48;2;96;38;47m▂[48;2;96;43;46m▂[0m[38;2;94;38;49m▍[7m[38;2;91;39;46m▂[38;2;89;38;47m▝[0m[38;2;81;40;37;48;2;106;51;48m▝[38;2;184;134;98;48;2;225;213;208m▍[38;2;209;201;214;48;2;97;94;144m▋[38;2;185;136;96;48;2;94;53;61m▐[38;2;223;211;205;48;2;232;227;227m▏[38;2;223;217;222;48;2;140;156;188m▊[0m[7m[38;2;65;77;113m▐[0m[38;2;47;64;93;48;2;112;73;69m▗[0m  [38;2;4;2;3m          [0m
 [38;2;0;0;0m     [0m [38;2;86;33;50m▝[7m[38;2;93;35;55m▖[0m[38;2;117;42;78;48;2;91;34;52m▃[38;2;117;41;78;48;2;91;35;49m▃[38;2;117;41;77;48;2;91;36;45m▃[0m[38;2;106;39;62m▖[0m [38;2;103;55;47m▗[38;2;209;185;171;48;2;144;95;68m▐[38;2;225;215;211;48;2;231;225;224m▏[38;2;195;190;208;48;2;73;78;126m▋[0m[38;2;152;99;70m▐[38;2;198;162;135;48;2;230;224;223m▖[38;2;224;218;223;48;2;231;226;227m▕[0m[7m[38;2;151;160;187m▝[38;2;72;48;48m▅[0m[38;2;56;49;54m▏           [0m
 [38;2;0;0;0m      [0m   [7m[38;2;92;33;61m▔[0m[38;2;89;31;59;48;2;83;30;54m▏[0m [38;2;162;99;89m▗[38;2;109;55;42;48;2;193;161;149m▘[38;2;190;161;171;48;2;223;209;209m▁[38;2;208;178;190;48;2;230;224;225m▂[38;2;58;59;97;48;2;175;163;187m▐[0m[38;2;110;61;45m▝[7m[38;2;182;154;148m▃[38;2;199;182;188m▃[0m[38;2;154;139;158m▀[0m  [38;2;0;0;0m           [0m
 [38;2;0;0;0m     [0m       [38;2;159;124;118m▔[38;2;156;128;141m▔[0m [38;2;162;128;127m▔[0m  [38;2;1;0;0m [0m   [38;2;0;0;0m            [0m
 [38;2;0;0;0m     [0m   [38;2;83;36;43m▐[38;2;81;39;53m▏[0m  [38;2;0;0;0m   [0m [38;2;2;1;1m  [0m    [38;2;0;0;0m            [0m
 [38;2;0;0;0m      [0m    [38;2;36;13;21m        [0m   [38;2;0;0;0m             [0m
[?25h